# 00000~01250
05431 00011
05434 00011
00011 25545
00032 27824
05431 00039
05436 00039
00039 25546
00072 32590
00118 00087
00087 04238
00089 31819
27823 00096
00096 14641
00097 40268
00103 31917
00118 00087
00118 04238
00133 23993
00147 24160
00150 24161
00160 22378
00163 31918
00273 00208
00211 31269
00214 00213
00214 00213
00220 30083
00222 30087
00228 30084
00229 30088
00238 05310
00238 51133
00241 42200
00273 00208
00273 11529
00293 17135
14933 00322
00322 14934
22689 00323
00323 00401
00324 14332
00327 40553
00362 10813
00363 17135
00371 28906
00391 00418
00391 47998
00323 00401
17209 00410
00410 58160
00412 48000
24061 00417
00391 00418
12510 00429
00435 57100
00441 17133
00445 25563
00456 06114
00474 00472
00472 06122
00474 00472
00474 06123
00487 06137
00490 06139
00493 06146
00512 06151
00513 06152
00517 21171
00519 06153
00523 06155
00539 06158
00539 51134
00542 06153
00544 06164
00564 02897
00565 02897
00599 47706
00600 30890
00607 40478
00612 34938
00665 00661
00661 32708
00665 00661
00671 31842
00700 09896
11839 00708
11835 00708
00721 32741
00736 18896
02733 00745
00752 28809
00771 41331
00778 25584
00778 25585
00778 26484
00784 29123
00784 31999
00828 19309
00828 20106
00828 21722
00854 39395
21737 00864
27885 00886
00886 27885
00886 29072
00888 41329
21708 00891
00897 00980
00897 29458
00899 00981
00899 29459
00900 29464
00912 29148
00914 29460
00916 29501
00927 29165
00964 29468
00897 00980
00980 29127
00899 00981
00981 29128
00993 00992
00992 19310
00993 00992
00993 19310
01004 29517
01016 29490
# 01251~02500
# 공통교양
56549 56423
51368 56423
52475 56423
52475 56549
37248 52533
24965 52533
38612 42183
28810 42183
38348 49949
31178 49949
40463 49949
49089 49949
48661 49949
48659 49949
48660 49949
42206 49949
37243 49950
28693 49950
38606 50023
39447 50023
38025 50023
28813 50023
05469 50023